2200217|565|07042021|00|0|0.00|0.00|0.00|0.00|0|0.00|0.00|0.00|0.00|0.00|0.00|0.00|Y
2200217|565|07042021|01|0|0.00|0.00|0.00|0.00|0|0.00|0.00|0.00|0.00|0.00|0.00|0.00|Y
2200217|565|07042021|02|0|0.00|0.00|0.00|0.00|0|0.00|0.00|0.00|0.00|0.00|0.00|0.00|Y
2200217|565|07042021|03|0|0.00|0.00|0.00|0.00|0|0.00|0.00|0.00|0.00|0.00|0.00|0.00|Y
2200217|565|07042021|04|0|0.00|0.00|0.00|0.00|0|0.00|0.00|0.00|0.00|0.00|0.00|0.00|Y
2200217|565|07042021|05|0|0.00|0.00|0.00|0.00|0|0.00|0.00|0.00|0.00|0.00|0.00|0.00|Y
2200217|565|07042021|06|0|0.00|0.00|0.00|0.00|0|0.00|0.00|0.00|0.00|0.00|0.00|0.00|Y
2200217|565|07042021|07|0|0.00|0.00|0.00|0.00|0|0.00|0.00|0.00|0.00|0.00|0.00|0.00|Y
2200217|565|07042021|08|0|0.00|0.00|0.00|0.00|0|0.00|0.00|0.00|0.00|0.00|0.00|0.00|Y
2200217|565|07042021|09|0|0.00|0.00|0.00|0.00|0|0.00|0.00|0.00|0.00|0.00|0.00|0.00|Y
2200217|565|07042021|10|0|0.00|0.00|0.00|0.00|0|0.00|0.00|0.00|0.00|0.00|0.00|0.00|Y
2200217|565|07042021|11|0|0.00|0.00|0.00|0.00|0|0.00|0.00|0.00|0.00|0.00|0.00|0.00|Y
2200217|565|07042021|12|0|0.00|0.00|0.00|0.00|0|0.00|0.00|0.00|0.00|0.00|0.00|0.00|Y
2200217|565|07042021|13|0|0.00|0.00|0.00|0.00|0|0.00|0.00|0.00|0.00|0.00|0.00|0.00|Y
2200217|565|07042021|14|0|0.00|0.00|0.00|0.00|0|0.00|0.00|0.00|0.00|0.00|0.00|0.00|Y
2200217|565|07042021|15|0|0.00|0.00|0.00|0.00|0|0.00|0.00|0.00|0.00|0.00|0.00|0.00|Y
2200217|565|07042021|16|0|0.00|0.00|0.00|0.00|0|0.00|0.00|0.00|0.00|0.00|0.00|0.00|Y
2200217|565|07042021|17|0|0.00|0.00|0.00|0.00|0|0.00|0.00|0.00|0.00|0.00|0.00|0.00|Y
2200217|565|07042021|18|0|0.00|0.00|0.00|0.00|0|0.00|0.00|0.00|0.00|0.00|0.00|0.00|Y
2200217|565|07042021|19|0|0.00|0.00|0.00|0.00|0|0.00|0.00|0.00|0.00|0.00|0.00|0.00|Y
2200217|565|07042021|20|0|0.00|0.00|0.00|0.00|0|0.00|0.00|0.00|0.00|0.00|0.00|0.00|Y
2200217|565|07042021|21|0|0.00|0.00|0.00|0.00|0|0.00|0.00|0.00|0.00|0.00|0.00|0.00|Y
2200217|565|07042021|22|0|0.00|0.00|0.00|0.00|0|0.00|0.00|0.00|0.00|0.00|0.00|0.00|Y
2200217|565|07042021|23|39|432.62|30.28|0.00|0.00|0|0.00|0.00|0.00|0.00|0.00|0.00|0.00|Y